1 640 660 ADDED
2 349 429 ADDED
3 907 932 ADDED
4 846 915 ADDED
5 640 660 REMOVED
6 789 863 ADDED
7 500 530 ADDED
8 716 727 ADDED
9 258 351 ADDED
10 517 581 ADDED
11 840 862 ADDED
12 105 166 ADDED
13 815 882 ADDED
14 349 429 REMOVED
15 243 276 ADDED
16 336 340 ADDED
17 379 471 ADDED
18 931 976 ADDED
19 810 861 ADDED
20 588 618 ADDED
21 329 405 ADDED
22 203 210 ADDED
23 347 393 ADDED
24 798 880 ADDED
25 642 697 ADDED
26 503 553 ADDED
27 635 673 ADDED
28 441 513 ADDED
29 489 564 ADDED
30 825 869 ADDED
31 907 932 REMOVED
32 846 915 REMOVED
33 993 1051 ADDED
34 293 343 ADDED
35 831 876 ADDED
36 634 687 ADDED
37 741 826 ADDED
38 648 666 ADDED
39 758 847 ADDED
40 35 132 ADDED
41 749 831 ADDED
42 596 659 ADDED
43 619 666 ADDED
44 642 682 ADDED
45 598 614 ADDED
46 3 69 ADDED
47 949 978 ADDED
48 313 348 ADDED
49 502 573 ADDED
50 485 584 ADDED
51 326 335 ADDED
52 408 414 ADDED
53 789 863 REMOVED
54 787 848 ADDED
55 178 250 ADDED
56 742 794 ADDED
57 960 994 ADDED
58 423 424 ADDED
59 204 262 ADDED
60 641 658 ADDED
61 200 296 ADDED
62 45 87 ADDED
63 833 861 ADDED
64 194 246 ADDED
65 398 408 ADDED
66 345 402 ADDED
67 914 985 ADDED
68 388 401 ADDED
69 807 863 ADDED
70 194 254 ADDED
71 755 838 ADDED
72 371 457 ADDED
73 32 93 ADDED
74 974 1025 ADDED
75 539 598 ADDED
76 630 633 ADDED
77 746 811 ADDED
78 178 181 ADDED
79 564 570 ADDED
80 500 530 REMOVED
81 402 416 ADDED
82 418 489 ADDED
83 958 986 ADDED
84 685 715 ADDED
85 929 1001 ADDED
86 270 328 ADDED
87 263 311 ADDED
88 679 739 ADDED
89 530 537 ADDED
90 534 624 ADDED
91 997 1047 ADDED
92 97 159 ADDED
93 599 698 ADDED
94 480 486 ADDED
95 75 147 ADDED
96 716 727 REMOVED
97 210 261 ADDED
98 579 648 ADDED
99 261 339 ADDED
100 369 460 ADDED
101 94 153 ADDED
102 524 618 ADDED
103 831 890 ADDED
104 307 317 ADDED
105 155 200 ADDED
106 606 629 ADDED
107 524 536 ADDED
108 121 127 ADDED
109 540 564 ADDED
110 561 646 ADDED
111 258 351 REMOVED
112 196 292 ADDED
113 504 601 ADDED
114 409 419 ADDED
115 144 159 ADDED
116 961 996 ADDED
117 284 311 ADDED
118 531 615 ADDED
119 257 269 ADDED
120 436 518 ADDED
121 517 549 DELETED
122 245 317 ADDED
123 220 237 ADDED
124 981 994 ADDED
125 740 818 ADDED
126 639 643 ADDED
127 613 628 ADDED
128 319 391 ADDED
129 840 851 DELETED
130 575 587 ADDED
131 876 890 ADDED
132 831 860 ADDED
133 145 210 ADDED
134 910 923 ADDED
135 866 886 ADDED
136 790 818 ADDED
137 805 851 ADDED
138 404 476 ADDED
139 1 15 ADDED
140 544 616 ADDED
141 780 875 ADDED
142 709 783 ADDED
143 215 291 ADDED
144 105 194 ADDED
145 748 828 ADDED
146 255 311 ADDED
147 352 422 ADDED
148 384 405 ADDED
149 145 150 ADDED
150 886 983 ADDED
151 661 714 ADDED
152 896 980 ADDED
153 174 256 ADDED
154 247 339 ADDED
155 288 349 ADDED
156 645 730 ADDED
157 296 380 ADDED
158 742 784 ADDED
159 475 559 ADDED
160 424 484 ADDED
161 513 549 ADDED
162 88 168 ADDED
163 691 753 ADDED
164 465 495 ADDED
165 505 508 ADDED
166 326 407 ADDED
167 924 1003 ADDED
168 853 907 ADDED
169 843 924 ADDED
170 718 732 ADDED
171 948 994 ADDED
172 290 322 ADDED
173 530 627 ADDED
174 957 1055 ADDED
175 273 326 ADDED
176 105 166 REMOVED
177 756 837 ADDED
178 533 536 ADDED
179 542 621 ADDED
180 815 882 REMOVED
181 210 235 ADDED
182 565 581 ADDED
183 427 433 ADDED
184 568 578 ADDED
185 538 600 ADDED
186 740 767 ADDED
187 146 194 ADDED
188 51 92 ADDED
189 160 259 ADDED
190 255 352 ADDED
191 237 317 ADDED
192 458 526 ADDED
193 99 170 ADDED
194 60 65 ADDED
195 439 514 ADDED
196 131 139 ADDED
197 247 273 ADDED
198 705 785 ADDED
199 570 595 ADDED
200 884 957 ADDED
201 808 890 ADDED
202 26 46 ADDED
203 666 737 ADDED
204 290 384 ADDED
205 169 229 ADDED
206 385 460 ADDED
207 646 696 ADDED
208 444 459 ADDED
209 720 787 ADDED
210 161 257 ADDED
211 697 729 ADDED
212 243 276 REMOVED
213 282 307 ADDED
214 92 150 ADDED
215 40 104 ADDED
216 932 1020 ADDED
217 222 244 ADDED
218 336 340 REMOVED
219 404 415 ADDED
220 248 337 ADDED
221 480 533 ADDED
222 357 448 ADDED
223 379 471 REMOVED
224 230 286 ADDED
225 643 735 ADDED
226 232 261 ADDED
227 511 589 ADDED
228 470 542 ADDED
229 766 809 ADDED
230 650 720 ADDED
231 85 146 ADDED
232 783 866 ADDED
233 451 519 ADDED
234 459 468 ADDED
235 382 386 ADDED
236 77 158 ADDED
237 541 582 ADDED
238 839 907 ADDED
239 532 557 ADDED
240 215 245 ADDED
241 179 237 ADDED
242 673 714 ADDED
243 816 895 ADDED
244 330 397 ADDED
245 415 460 ADDED
246 408 496 ADDED
247 347 414 ADDED
248 18 32 ADDED
249 931 976 REMOVED
250 810 861 REMOVED
251 588 618 REMOVED
252 230 311 ADDED
253 352 423 ADDED
254 329 405 REMOVED
255 467 486 ADDED
256 963 975 ADDED
257 90 131 ADDED
258 348 413 ADDED
259 171 234 ADDED
260 47 74 ADDED
261 501 564 ADDED
262 68 102 ADDED
263 357 384 ADDED
264 893 943 ADDED
265 826 837 ADDED
266 681 697 ADDED
267 701 763 ADDED
268 203 210 REMOVED
269 407 492 ADDED
270 917 927 ADDED
271 176 260 ADDED
272 347 393 REMOVED
273 578 627 ADDED
274 572 644 ADDED
275 642 738 ADDED
276 267 346 ADDED
277 197 295 ADDED
278 366 400 ADDED
279 805 811 ADDED
280 206 207 ADDED
281 904 921 ADDED
282 377 462 ADDED
283 418 466 ADDED
284 397 407 ADDED
285 624 711 ADDED
286 309 390 ADDED
287 787 862 ADDED
288 833 930 ADDED
289 235 265 ADDED
290 85 153 ADDED
291 212 292 ADDED
292 286 333 ADDED
293 798 839 DELETED
294 41 62 ADDED
295 615 625 ADDED
296 187 199 ADDED
297 973 1067 ADDED
298 970 990 ADDED
299 916 941 ADDED
300 282 327 ADDED
301 519 582 ADDED
302 26 28 ADDED
303 136 182 ADDED
304 643 662 ADDED
305 278 294 ADDED
306 610 612 ADDED
307 909 973 ADDED
308 468 547 ADDED
309 642 697 REMOVED
310 946 1014 ADDED
311 173 206 ADDED
312 296 381 ADDED
313 802 826 ADDED
314 383 417 ADDED
315 484 497 ADDED
316 768 843 ADDED
317 954 994 ADDED
318 526 584 ADDED
319 567 649 ADDED
320 647 741 ADDED
321 503 570 ADDED
322 589 658 ADDED
323 34 98 ADDED
324 503 598 ADDED
325 32 68 ADDED
326 391 463 ADDED
327 68 119 ADDED
328 8 36 ADDED
329 470 549 ADDED
330 754 845 ADDED
331 19 39 ADDED
332 397 459 ADDED
333 161 220 ADDED
334 841 900 ADDED
335 174 218 ADDED
336 950 973 ADDED
337 824 881 ADDED
338 168 247 ADDED
339 123 209 ADDED
340 633 725 ADDED
341 455 510 ADDED
342 481 579 ADDED
343 465 503 ADDED
344 503 553 REMOVED
345 635 673 REMOVED
346 564 619 ADDED
347 289 316 ADDED
348 64 151 ADDED
349 129 157 ADDED
350 477 507 ADDED
351 392 403 ADDED
352 764 814 ADDED
353 183 202 ADDED
354 574 643 ADDED
355 925 984 ADDED
356 704 771 ADDED
357 43 51 ADDED
358 381 420 ADDED
359 398 431 ADDED
360 427 435 ADDED
361 802 838 ADDED
362 990 999 ADDED
363 41 84 ADDED
364 95 152 ADDED
365 302 388 ADDED
366 18 94 ADDED
367 334 403 ADDED
368 949 955 ADDED
369 448 492 ADDED
370 902 993 ADDED
371 833 905 ADDED
372 60 67 ADDED
373 226 249 ADDED
374 968 990 ADDED
375 239 276 ADDED
376 246 336 ADDED
377 292 328 ADDED
378 108 206 ADDED
379 30 95 ADDED
380 371 399 ADDED
381 246 265 ADDED
382 441 513 REMOVED
383 489 564 REMOVED
384 262 329 ADDED
385 201 293 ADDED
386 417 466 ADDED
387 266 288 ADDED
388 281 347 ADDED
389 467 538 ADDED
390 140 179 ADDED
391 671 735 ADDED
392 760 772 ADDED
393 849 874 ADDED
394 276 317 ADDED
395 413 469 ADDED
396 778 810 ADDED
397 891 936 ADDED
398 793 879 ADDED
399 253 260 ADDED
400 257 283 ADDED
401 690 716 ADDED
402 750 843 ADDED
403 535 601 ADDED
404 964 1001 ADDED
405 525 602 ADDED
406 822 843 ADDED
407 124 155 ADDED
408 825 869 REMOVED
409 503 518 ADDED
410 779 827 ADDED
411 721 769 ADDED
412 878 907 ADDED
413 350 356 ADDED
414 993 1051 REMOVED
415 811 831 ADDED
416 293 318 DELETED
417 582 666 ADDED
418 675 757 ADDED
419 442 457 ADDED
420 831 876 REMOVED
421 914 958 ADDED
422 634 687 REMOVED
423 209 279 ADDED
424 882 895 ADDED
425 866 959 ADDED
426 78 96 ADDED
427 100 105 ADDED
428 360 394 ADDED
429 388 468 ADDED
430 873 892 ADDED
431 914 943 ADDED
432 454 469 ADDED
433 262 284 ADDED
434 795 836 ADDED
435 439 474 ADDED
436 618 686 ADDED
437 694 706 ADDED
438 545 635 ADDED
439 828 858 ADDED
440 579 608 ADDED
441 243 335 ADDED
442 571 664 ADDED
443 515 552 ADDED
444 687 688 ADDED
445 364 402 ADDED
446 715 794 ADDED
447 847 870 ADDED
448 798 894 ADDED
449 107 187 ADDED
450 574 588 ADDED
451 654 717 ADDED
452 213 283 ADDED
453 137 138 ADDED
454 41 87 ADDED
455 829 842 ADDED
456 255 283 ADDED
457 233 317 ADDED
458 787 823 ADDED
459 685 703 ADDED
460 865 953 ADDED
461 961 994 ADDED
462 102 153 ADDED
463 397 483 ADDED
464 507 555 ADDED
465 492 570 ADDED
466 567 606 ADDED
467 250 339 ADDED
468 18 109 ADDED
469 1 25 ADDED
470 253 320 ADDED
471 741 783 DELETED
472 859 872 ADDED
473 335 423 ADDED
474 141 211 ADDED
475 90 165 ADDED
476 307 333 ADDED
477 513 578 ADDED
478 712 733 ADDED
479 137 171 ADDED
480 2 35 ADDED
481 909 998 ADDED
482 373 408 ADDED
483 377 381 ADDED
484 648 666 REMOVED
485 922 1018 ADDED
486 884 956 ADDED
487 704 738 ADDED
488 751 781 ADDED
489 356 370 ADDED
490 516 554 ADDED
491 288 374 ADDED
492 758 847 REMOVED
493 133 177 ADDED
494 952 1031 ADDED
495 922 961 ADDED
496 962 1023 ADDED
497 35 132 REMOVED
498 713 787 ADDED
499 320 334 ADDED
500 940 953 ADDED
501 378 403 ADDED
502 321 384 ADDED
503 341 403 ADDED
504 6 66 ADDED
505 271 364 ADDED
506 637 686 ADDED
507 250 269 ADDED
508 877 885 ADDED
509 843 863 ADDED
510 944 1020 ADDED
511 36 116 ADDED
512 277 320 ADDED
513 479 558 ADDED
514 713 720 ADDED
515 353 366 ADDED
516 533 556 ADDED
517 370 397 ADDED
518 674 680 ADDED
519 896 931 ADDED
520 165 207 ADDED
521 590 600 ADDED
522 532 621 ADDED
523 236 265 ADDED
524 423 513 ADDED
525 840 935 ADDED
526 672 722 ADDED
527 698 754 ADDED
528 216 302 ADDED
529 469 495 ADDED
530 802 825 ADDED
531 103 183 ADDED
532 702 787 ADDED
533 956 1051 ADDED
534 664 674 ADDED
535 95 113 ADDED
536 828 853 ADDED
537 749 831 REMOVED
538 588 658 ADDED
539 959 1048 ADDED
540 365 420 ADDED
541 787 821 ADDED
542 829 863 ADDED
543 830 887 ADDED
544 271 285 ADDED
545 186 229 ADDED
546 412 486 ADDED
547 734 770 ADDED
548 72 98 ADDED
549 824 912 ADDED
550 682 739 ADDED
551 131 179 ADDED
552 488 536 ADDED
553 596 627 DELETED
554 408 443 ADDED
555 467 509 ADDED
556 999 1023 ADDED
557 879 895 ADDED
558 918 1015 ADDED
559 808 823 ADDED
560 184 277 ADDED
561 721 774 ADDED
562 391 404 ADDED
563 671 756 ADDED
564 877 965 ADDED
565 729 787 ADDED
566 557 594 ADDED
567 374 438 ADDED
568 143 227 ADDED
569 223 315 ADDED
570 61 130 ADDED
571 378 466 ADDED
572 546 644 ADDED
573 26 83 ADDED
574 112 201 ADDED
575 3 46 ADDED
576 122 164 ADDED
577 619 666 REMOVED
578 24 107 ADDED
579 420 510 ADDED
580 927 935 ADDED
581 888 953 ADDED
582 720 794 ADDED
583 322 342 ADDED
584 520 557 ADDED
585 642 682 REMOVED
586 135 158 ADDED
587 224 277 ADDED
588 383 458 ADDED
589 777 793 ADDED
590 806 836 ADDED
591 230 313 ADDED
592 967 1030 ADDED
593 411 455 ADDED
594 949 972 ADDED
595 391 464 ADDED
596 309 354 ADDED
597 411 439 ADDED
598 272 289 ADDED
599 632 711 ADDED
600 317 395 ADDED
601 632 719 ADDED
602 258 336 ADDED
603 346 362 ADDED
604 505 581 ADDED
605 25 83 ADDED
606 741 744 ADDED
607 436 466 ADDED
608 745 798 ADDED
609 396 453 ADDED
610 568 580 ADDED
611 387 432 ADDED
612 84 91 ADDED
613 677 678 ADDED
614 12 54 ADDED
615 236 313 ADDED
616 598 614 REMOVED
617 492 508 ADDED
618 216 240 ADDED
619 72 92 ADDED
620 940 1024 ADDED
621 766 772 ADDED
622 47 136 ADDED
623 245 281 ADDED
624 743 811 ADDED
625 596 654 ADDED
626 477 500 ADDED
627 8 30 ADDED
628 689 733 ADDED
629 932 949 ADDED
630 591 685 ADDED
631 889 905 ADDED
632 3 69 REMOVED
633 608 699 ADDED
634 657 708 ADDED
635 200 204 ADDED
636 380 435 ADDED
637 696 715 ADDED
638 357 368 ADDED
639 349 399 ADDED
640 449 492 ADDED
641 142 209 ADDED
642 252 317 ADDED
643 313 319 ADDED
644 45 135 ADDED
645 428 433 ADDED
646 130 205 ADDED
647 346 352 ADDED
648 485 513 ADDED
649 779 794 ADDED
650 228 281 ADDED
651 211 300 ADDED
652 569 649 ADDED
653 104 118 ADDED
654 223 285 ADDED
655 2 86 ADDED
656 783 828 ADDED
657 469 500 ADDED
658 101 133 ADDED
659 119 148 ADDED
660 238 286 ADDED
661 251 256 ADDED
662 738 787 ADDED
663 970 1014 ADDED
664 347 403 ADDED
665 160 187 ADDED
666 166 188 ADDED
667 419 516 ADDED
668 947 980 ADDED
669 307 332 ADDED
670 241 319 ADDED
671 376 434 ADDED
672 299 319 ADDED
673 949 978 REMOVED
674 743 797 ADDED
675 475 554 ADDED
676 772 864 ADDED
677 801 871 ADDED
678 241 331 ADDED
679 444 465 ADDED
680 965 971 ADDED
681 377 422 ADDED
682 701 715 ADDED
683 792 880 ADDED
684 232 319 ADDED
685 154 248 ADDED
686 260 351 ADDED
687 57 93 ADDED
688 805 894 ADDED
689 411 434 ADDED
690 725 802 ADDED
691 380 420 ADDED
692 819 875 ADDED
693 388 469 ADDED
694 760 847 ADDED
695 554 634 ADDED
696 681 740 ADDED
697 19 106 ADDED
698 418 474 ADDED
699 281 343 ADDED
700 637 639 ADDED
701 838 894 ADDED
702 209 282 ADDED
703 114 184 ADDED
704 827 831 ADDED
705 210 253 ADDED
706 313 348 REMOVED
707 361 421 ADDED
708 630 707 ADDED
709 563 603 ADDED
710 661 754 ADDED
711 518 570 ADDED
712 44 65 ADDED
713 801 865 ADDED
714 612 656 ADDED
715 560 608 ADDED
716 858 862 ADDED
717 68 102 ADDED
718 147 152 ADDED
719 514 543 ADDED
720 62 71 ADDED
721 500 562 ADDED
722 242 294 ADDED
723 941 1025 ADDED
724 370 381 ADDED
725 879 942 ADDED
726 22 110 ADDED
727 83 107 ADDED
728 318 366 ADDED
729 199 279 ADDED
730 648 668 ADDED
731 279 323 ADDED
732 553 596 ADDED
733 682 766 ADDED
734 920 981 ADDED
735 963 1040 ADDED
736 502 537 DELETED
737 127 153 ADDED
738 570 656 ADDED
739 863 930 ADDED
740 449 507 ADDED
741 371 437 ADDED
742 388 424 ADDED
743 932 933 ADDED
744 770 806 ADDED
745 360 408 ADDED
746 437 488 ADDED
747 349 411 ADDED
748 673 756 ADDED
749 301 377 ADDED
750 484 533 ADDED
751 485 584 REMOVED
752 672 673 ADDED
753 132 167 ADDED
754 903 936 ADDED
755 619 685 ADDED
756 114 202 ADDED
757 880 934 ADDED
758 687 742 ADDED
759 557 628 ADDED
760 326 376 ADDED
761 239 250 ADDED
762 431 467 ADDED
763 202 285 ADDED
764 890 924 ADDED
765 17 68 ADDED
766 891 948 ADDED
767 611 700 ADDED
768 672 695 ADDED
769 830 928 ADDED
770 15 101 ADDED
771 578 636 ADDED
772 950 972 ADDED
773 30 79 ADDED
774 773 803 ADDED
775 928 953 ADDED
776 773 858 ADDED
777 866 904 ADDED
778 332 369 ADDED
779 610 672 ADDED
780 101 158 ADDED
781 699 721 ADDED
782 487 517 ADDED
783 17 40 ADDED
784 812 863 ADDED
785 323 382 ADDED
786 702 703 ADDED
787 866 900 ADDED
788 204 239 ADDED
789 326 335 REMOVED
790 316 397 ADDED
791 642 724 ADDED
792 808 840 ADDED
793 676 721 ADDED
794 350 391 ADDED
795 601 634 ADDED
796 501 554 ADDED
797 351 411 ADDED
798 408 414 REMOVED
799 587 614 ADDED
800 850 926 ADDED
801 134 213 ADDED
802 409 454 ADDED
803 7 73 ADDED
804 276 325 ADDED
805 661 664 ADDED
806 749 752 ADDED
807 372 454 ADDED
808 940 1036 ADDED
809 2 18 ADDED
810 769 811 ADDED
811 413 444 ADDED
812 338 400 ADDED
813 605 683 ADDED
814 597 658 ADDED
815 838 860 ADDED
816 248 309 ADDED
817 969 1014 ADDED
818 670 732 ADDED
819 557 641 ADDED
820 22 68 ADDED
821 787 848 REMOVED
822 912 914 ADDED
823 136 228 ADDED
824 971 974 ADDED
825 935 949 ADDED
826 467 534 ADDED
827 275 337 ADDED
828 701 713 ADDED
829 413 424 ADDED
830 504 512 ADDED
831 45 120 ADDED
832 124 175 ADDED
833 929 1027 ADDED
834 408 501 ADDED
835 145 215 ADDED
836 207 249 ADDED
837 900 943 ADDED
838 572 653 ADDED
839 178 214 DELETED
840 636 653 ADDED
841 579 663 ADDED
842 4 31 ADDED
843 353 382 ADDED
844 409 496 ADDED
845 405 495 ADDED
846 138 175 ADDED
847 415 468 ADDED
848 371 444 ADDED
849 658 700 ADDED
850 856 912 ADDED
851 547 557 ADDED
852 817 833 ADDED
853 158 179 ADDED
854 859 938 ADDED
855 285 350 ADDED
856 641 669 ADDED
857 739 799 ADDED
858 361 405 ADDED
859 839 841 ADDED
860 578 653 ADDED
861 449 467 ADDED
862 505 529 ADDED
863 476 573 ADDED
864 887 963 ADDED
865 458 473 ADDED
866 811 819 ADDED
867 865 949 ADDED
868 685 689 ADDED
869 384 417 ADDED
870 859 939 ADDED
871 178 213 ADDED
872 342 394 ADDED
873 134 143 ADDED
874 34 70 ADDED
875 567 598 ADDED
876 20 64 ADDED
877 667 706 ADDED
878 642 727 ADDED
879 875 881 ADDED
880 636 647 ADDED
881 898 938 ADDED
882 143 177 ADDED
883 346 359 ADDED
884 722 809 ADDED
885 210 214 ADDED
886 451 509 ADDED
887 622 721 ADDED
888 135 136 ADDED
889 225 292 ADDED
890 194 253 ADDED
891 704 741 ADDED
892 678 717 ADDED
893 696 724 ADDED
894 35 122 ADDED
895 247 298 ADDED
896 543 551 ADDED
897 202 263 ADDED
898 839 876 ADDED
899 121 169 ADDED
900 387 402 ADDED
901 263 353 ADDED
902 224 262 ADDED
903 372 462 ADDED
904 31 73 ADDED
905 849 891 ADDED
906 222 264 ADDED
907 325 422 ADDED
908 710 793 ADDED
909 727 804 ADDED
910 629 650 ADDED
911 849 859 ADDED
912 695 718 ADDED
913 864 889 ADDED
914 895 960 ADDED
915 912 974 ADDED
916 678 718 ADDED
917 791 807 ADDED
918 905 965 ADDED
919 796 892 ADDED
920 334 422 ADDED
921 424 511 ADDED
922 51 121 ADDED
923 914 932 ADDED
924 897 951 ADDED
925 44 103 ADDED
926 929 953 ADDED
927 100 155 ADDED
928 782 842 ADDED
929 223 262 ADDED
930 995 1092 ADDED
931 85 179 ADDED
932 503 528 ADDED
933 652 668 ADDED
934 948 1019 ADDED
935 339 395 ADDED
936 736 763 ADDED
937 452 488 ADDED
938 742 794 REMOVED
939 1 19 ADDED
940 42 105 ADDED
941 927 1023 ADDED
942 321 419 ADDED
943 67 122 ADDED
944 809 877 ADDED
945 555 621 ADDED
946 768 770 ADDED
947 843 910 ADDED
948 339 420 ADDED
949 192 268 ADDED
950 803 806 ADDED
951 248 303 ADDED
952 481 557 ADDED
953 305 362 ADDED
954 441 521 ADDED
955 402 407 ADDED
956 545 577 ADDED
957 960 994 REMOVED
958 688 780 ADDED
959 879 886 ADDED
960 949 959 ADDED
961 423 424 REMOVED
962 854 930 ADDED
963 627 667 ADDED
964 165 250 ADDED
965 590 605 ADDED
966 489 543 ADDED
967 170 233 ADDED
968 940 963 ADDED
969 356 455 ADDED
970 420 434 ADDED
971 199 215 ADDED
972 11 72 ADDED
973 9 23 ADDED
974 647 727 ADDED
975 678 695 ADDED
976 501 551 ADDED
977 249 301 ADDED
978 199 237 ADDED
979 20 41 ADDED
980 495 503 ADDED
981 982 1055 ADDED
982 424 444 ADDED
983 262 345 ADDED
984 139 233 ADDED
985 548 560 ADDED
986 204 262 REMOVED
987 227 318 ADDED
988 343 362 ADDED
989 508 601 ADDED
990 133 163 ADDED
991 782 841 ADDED
992 805 882 ADDED
993 641 658 REMOVED
994 200 296 REMOVED
995 305 330 ADDED
996 987 1050 ADDED
997 45 87 REMOVED
998 833 847 DELETED
999 266 303 ADDED
1000 988 1064 ADDED
