1 952 965 ADDED
2 872 929 ADDED
3 952 965 REMOVED
4 546 555 ADDED
5 344 364 ADDED
6 376 392 ADDED
7 846 870 ADDED
8 524 609 ADDED
9 872 900 DELETED
10 914 973 ADDED
11 252 306 ADDED
12 199 222 ADDED
13 490 565 ADDED
14 10 37 ADDED
15 862 871 ADDED
16 86 143 ADDED
17 51 129 ADDED
18 419 446 ADDED
19 5 8 ADDED
20 79 155 ADDED
21 466 564 ADDED
22 275 350 ADDED
23 546 555 REMOVED
24 130 225 ADDED
25 693 766 ADDED
26 488 489 ADDED
27 344 364 REMOVED
28 530 563 ADDED
29 994 1030 ADDED
30 376 384 DELETED
31 716 815 ADDED
32 8 73 ADDED
33 61 126 ADDED
34 894 919 ADDED
35 552 577 ADDED
36 264 291 ADDED
37 744 795 ADDED
38 847 896 ADDED
39 387 412 ADDED
40 118 162 ADDED
41 347 366 ADDED
42 694 762 ADDED
43 802 822 ADDED
44 80 83 ADDED
45 122 202 ADDED
46 799 846 ADDED
47 820 887 ADDED
48 846 858 DELETED
49 224 265 ADDED
50 131 175 ADDED
51 940 973 ADDED
52 782 786 ADDED
53 300 334 ADDED
54 793 817 ADDED
55 214 290 ADDED
56 419 500 ADDED
57 509 603 ADDED
58 497 565 ADDED
59 81 109 ADDED
60 999 1031 ADDED
61 491 518 ADDED
62 524 609 REMOVED
63 494 515 ADDED
64 853 919 ADDED
65 161 245 ADDED
66 793 892 ADDED
67 315 340 ADDED
68 222 308 ADDED
69 375 451 ADDED
70 484 521 ADDED
71 751 843 ADDED
72 689 701 ADDED
73 702 754 ADDED
74 332 357 ADDED
75 5 17 ADDED
76 564 645 ADDED
77 6 105 ADDED
78 800 830 ADDED
79 914 943 DELETED
80 757 834 ADDED
81 563 605 ADDED
82 252 306 REMOVED
83 459 551 ADDED
84 199 222 REMOVED
85 717 788 ADDED
86 490 527 DELETED
87 671 740 ADDED
88 104 187 ADDED
89 353 367 ADDED
90 448 482 ADDED
91 467 543 ADDED
92 555 604 ADDED
93 477 541 ADDED
94 10 37 REMOVED
95 271 330 ADDED
96 862 871 REMOVED
97 512 555 ADDED
98 86 143 REMOVED
99 316 411 ADDED
100 51 129 REMOVED
101 310 397 ADDED
102 417 481 ADDED
103 419 446 REMOVED
104 690 784 ADDED
105 139 180 ADDED
106 968 1011 ADDED
107 944 985 ADDED
108 640 699 ADDED
109 710 774 ADDED
110 5 6 DELETED
111 111 115 ADDED
112 130 145 ADDED
113 678 760 ADDED
114 775 853 ADDED
115 214 278 ADDED
116 96 133 ADDED
117 251 326 ADDED
118 580 615 ADDED
119 9 89 ADDED
120 727 807 ADDED
121 16 96 ADDED
122 630 695 ADDED
123 984 1004 ADDED
124 337 385 ADDED
125 79 155 REMOVED
126 675 715 ADDED
127 992 1076 ADDED
128 553 624 ADDED
129 410 472 ADDED
130 466 564 REMOVED
131 746 782 ADDED
132 706 793 ADDED
133 722 762 ADDED
134 275 350 REMOVED
135 8 47 ADDED
136 130 177 DELETED
137 127 183 ADDED
138 687 784 ADDED
139 820 902 ADDED
140 693 729 DELETED
141 676 753 ADDED
142 840 901 ADDED
143 556 563 ADDED
144 724 738 ADDED
145 488 489 REMOVED
146 52 75 ADDED
147 558 640 ADDED
148 417 420 ADDED
149 118 169 ADDED
150 782 876 ADDED
151 719 722 ADDED
152 530 546 DELETED
153 994 1030 REMOVED
154 446 451 ADDED
155 151 184 ADDED
156 716 815 REMOVED
157 315 352 ADDED
158 8 40 DELETED
159 61 93 DELETED
160 826 895 ADDED
161 848 874 ADDED
162 840 888 ADDED
163 206 277 ADDED
164 31 91 ADDED
165 894 919 REMOVED
166 552 564 DELETED
167 134 161 ADDED
168 306 375 ADDED
169 104 188 ADDED
170 903 952 ADDED
171 961 1029 ADDED
172 520 537 ADDED
173 574 651 ADDED
174 117 130 ADDED
175 486 500 ADDED
176 268 362 ADDED
177 694 775 ADDED
178 147 219 ADDED
179 288 334 ADDED
180 359 363 ADDED
181 955 988 ADDED
182 644 740 ADDED
183 658 718 ADDED
184 899 923 ADDED
185 873 941 ADDED
186 280 359 ADDED
187 628 719 ADDED
188 264 277 DELETED
189 691 702 ADDED
190 744 769 DELETED
191 847 871 DELETED
192 387 412 REMOVED
193 906 941 ADDED
194 65 159 ADDED
195 301 358 ADDED
196 118 140 DELETED
197 395 435 ADDED
198 849 894 ADDED
199 742 805 ADDED
200 577 659 ADDED
201 347 356 DELETED
202 187 234 ADDED
203 107 143 ADDED
204 170 228 ADDED
205 693 763 ADDED
206 694 762 REMOVED
207 900 914 ADDED
208 32 59 ADDED
209 57 152 ADDED
210 401 422 ADDED
211 256 289 ADDED
212 689 750 ADDED
213 802 822 REMOVED
214 302 311 ADDED
215 80 81 DELETED
216 122 202 REMOVED
217 400 489 ADDED
218 405 424 ADDED
219 437 512 ADDED
220 799 846 REMOVED
221 876 931 ADDED
222 975 1005 ADDED
223 816 893 ADDED
224 562 646 ADDED
225 781 852 ADDED
226 346 445 ADDED
227 317 371 ADDED
228 43 62 ADDED
229 872 895 ADDED
230 820 853 DELETED
231 939 997 ADDED
232 264 335 ADDED
233 80 148 ADDED
234 316 320 ADDED
235 774 861 ADDED
236 201 237 ADDED
237 224 265 REMOVED
238 84 167 ADDED
239 91 118 ADDED
240 131 175 REMOVED
241 940 956 DELETED
242 993 1041 ADDED
243 725 803 ADDED
244 782 784 DELETED
245 235 299 ADDED
246 300 317 DELETED
247 598 686 ADDED
248 793 817 REMOVED
249 473 561 ADDED
250 214 290 REMOVED
251 974 1006 ADDED
252 419 459 DELETED
253 127 143 ADDED
254 302 396 ADDED
255 634 717 ADDED
256 921 976 ADDED
257 342 407 ADDED
258 509 556 DELETED
259 564 580 ADDED
260 317 402 ADDED
261 130 179 ADDED
262 306 314 ADDED
263 497 531 DELETED
264 227 280 ADDED
265 673 695 ADDED
266 846 938 ADDED
267 64 102 ADDED
268 456 529 ADDED
269 752 836 ADDED
270 764 846 ADDED
271 29 40 ADDED
272 81 109 REMOVED
273 488 552 ADDED
274 572 583 ADDED
275 999 1031 REMOVED
276 804 892 ADDED
277 961 1023 ADDED
278 491 504 DELETED
279 484 553 ADDED
280 958 1004 ADDED
281 607 616 ADDED
282 494 504 DELETED
283 954 1036 ADDED
284 7 92 ADDED
285 1 8 ADDED
286 149 201 ADDED
287 683 727 ADDED
288 926 1009 ADDED
289 945 987 ADDED
290 16 44 ADDED
291 906 929 ADDED
292 748 798 ADDED
293 457 465 ADDED
294 787 851 ADDED
295 499 581 ADDED
296 853 886 DELETED
297 899 948 ADDED
298 752 831 ADDED
299 976 1009 ADDED
300 161 203 DELETED
301 264 274 ADDED
302 793 892 REMOVED
303 315 327 DELETED
304 173 199 ADDED
305 519 583 ADDED
306 737 819 ADDED
307 58 115 ADDED
308 222 308 REMOVED
309 375 451 REMOVED
310 894 992 ADDED
311 476 478 ADDED
312 277 298 ADDED
313 484 521 REMOVED
314 751 797 DELETED
315 960 1027 ADDED
316 689 695 DELETED
317 702 728 DELETED
318 479 576 ADDED
319 457 511 ADDED
320 332 344 DELETED
321 302 369 ADDED
322 969 990 ADDED
323 5 11 DELETED
324 912 922 ADDED
325 718 719 ADDED
326 419 505 ADDED
327 439 451 ADDED
328 600 665 ADDED
329 758 784 ADDED
330 399 445 ADDED
331 816 867 ADDED
332 637 705 ADDED
333 189 248 ADDED
334 247 322 ADDED
335 734 805 ADDED
336 698 723 ADDED
337 395 470 ADDED
338 158 248 ADDED
339 749 813 ADDED
340 564 604 DELETED
341 114 157 ADDED
342 6 105 REMOVED
343 800 830 REMOVED
344 757 795 DELETED
345 563 584 DELETED
346 658 687 ADDED
347 737 744 ADDED
348 433 529 ADDED
349 324 375 ADDED
350 769 852 ADDED
351 853 950 ADDED
352 459 551 REMOVED
353 294 362 ADDED
354 370 465 ADDED
355 908 949 ADDED
356 341 394 ADDED
357 717 788 REMOVED
358 123 179 ADDED
359 189 276 ADDED
360 367 415 ADDED
361 499 516 ADDED
362 671 740 REMOVED
363 514 558 ADDED
364 335 413 ADDED
365 839 857 ADDED
366 283 297 ADDED
367 700 734 ADDED
368 284 316 ADDED
369 144 196 ADDED
370 356 386 ADDED
371 926 944 ADDED
372 514 529 ADDED
373 214 223 ADDED
374 817 913 ADDED
375 214 290 ADDED
376 112 157 ADDED
377 463 493 ADDED
378 866 954 ADDED
379 104 145 DELETED
380 353 360 DELETED
381 448 482 REMOVED
382 333 421 ADDED
383 754 771 ADDED
384 778 800 ADDED
385 107 173 ADDED
386 275 363 ADDED
387 799 867 ADDED
388 726 744 ADDED
389 23 92 ADDED
390 138 236 ADDED
391 467 543 REMOVED
392 540 554 ADDED
393 604 643 ADDED
394 13 19 ADDED
395 804 872 ADDED
396 946 1002 ADDED
397 580 631 ADDED
398 352 439 ADDED
399 555 604 REMOVED
400 926 1025 ADDED
401 905 913 ADDED
402 565 577 ADDED
403 251 321 ADDED
404 216 282 ADDED
405 357 448 ADDED
406 217 257 ADDED
407 477 541 REMOVED
408 202 205 ADDED
409 271 330 REMOVED
410 993 1043 ADDED
411 128 181 ADDED
412 512 555 REMOVED
413 316 363 DELETED
414 586 600 ADDED
415 574 666 ADDED
416 680 716 ADDED
417 197 223 ADDED
418 310 397 REMOVED
419 774 869 ADDED
420 473 551 ADDED
421 417 449 DELETED
422 690 784 REMOVED
423 345 417 ADDED
424 658 699 ADDED
425 139 159 DELETED
426 833 844 ADDED
427 737 829 ADDED
428 963 1051 ADDED
429 307 316 ADDED
430 65 98 ADDED
431 411 424 ADDED
432 12 76 ADDED
433 193 210 ADDED
434 363 364 ADDED
435 580 588 ADDED
436 968 989 DELETED
437 578 631 ADDED
438 590 670 ADDED
439 694 744 ADDED
440 96 115 ADDED
441 115 162 ADDED
442 944 964 DELETED
443 498 580 ADDED
444 670 704 ADDED
445 644 708 ADDED
446 537 631 ADDED
447 520 618 ADDED
448 521 602 ADDED
449 53 124 ADDED
450 869 950 ADDED
451 640 699 REMOVED
452 710 742 DELETED
453 355 433 ADDED
454 194 196 ADDED
455 925 972 ADDED
456 888 891 ADDED
457 111 115 REMOVED
458 929 960 ADDED
459 387 411 ADDED
460 453 505 ADDED
461 734 750 ADDED
462 649 741 ADDED
463 481 508 ADDED
464 130 137 DELETED
465 694 747 ADDED
466 67 68 ADDED
467 678 760 REMOVED
468 452 512 ADDED
469 829 917 ADDED
470 375 400 ADDED
471 986 1024 ADDED
472 589 624 ADDED
473 273 359 ADDED
474 486 552 ADDED
475 961 990 ADDED
476 775 814 DELETED
477 961 1058 ADDED
478 942 1014 ADDED
479 279 330 ADDED
480 763 839 ADDED
481 214 278 REMOVED
482 198 223 ADDED
483 96 133 REMOVED
484 866 925 ADDED
485 366 371 ADDED
486 42 90 ADDED
487 911 1005 ADDED
488 996 1023 ADDED
489 385 413 ADDED
490 563 622 ADDED
491 829 919 ADDED
492 469 488 ADDED
493 768 771 ADDED
494 421 441 ADDED
495 251 326 REMOVED
496 403 429 ADDED
497 580 597 DELETED
498 543 595 ADDED
499 385 407 ADDED
500 693 735 ADDED
501 142 201 ADDED
502 414 466 ADDED
503 589 590 ADDED
504 9 49 DELETED
505 471 516 ADDED
506 135 181 ADDED
507 748 753 ADDED
508 482 502 ADDED
509 113 193 ADDED
510 727 807 REMOVED
511 16 96 REMOVED
512 334 402 ADDED
513 61 158 ADDED
514 970 1048 ADDED
515 643 684 ADDED
516 791 860 ADDED
517 630 662 DELETED
518 102 161 ADDED
519 123 179 ADDED
520 448 475 ADDED
521 352 400 ADDED
522 931 985 ADDED
523 984 1004 REMOVED
524 337 385 REMOVED
525 985 1076 ADDED
526 514 603 ADDED
527 836 931 ADDED
528 675 695 DELETED
529 992 1034 DELETED
530 553 588 DELETED
531 429 464 ADDED
532 35 48 ADDED
533 592 656 ADDED
534 491 536 ADDED
535 410 441 DELETED
536 746 782 REMOVED
537 389 478 ADDED
538 37 92 ADDED
539 263 333 ADDED
540 706 793 REMOVED
541 795 829 ADDED
542 321 386 ADDED
543 521 540 ADDED
544 979 1067 ADDED
545 233 318 ADDED
546 722 762 REMOVED
547 383 450 ADDED
548 688 772 ADDED
549 523 556 ADDED
550 142 214 ADDED
551 950 952 ADDED
552 834 869 ADDED
553 734 770 ADDED
554 441 462 ADDED
555 735 824 ADDED
556 421 462 ADDED
557 8 27 DELETED
558 475 565 ADDED
559 127 183 REMOVED
560 51 143 ADDED
561 188 201 ADDED
562 595 685 ADDED
563 227 303 ADDED
564 687 735 DELETED
565 190 222 ADDED
566 676 705 ADDED
567 820 902 REMOVED
568 459 491 ADDED
569 838 862 ADDED
570 711 740 ADDED
571 169 201 ADDED
572 676 714 DELETED
573 840 901 REMOVED
574 556 559 DELETED
575 344 357 ADDED
576 308 379 ADDED
577 805 816 ADDED
578 872 960 ADDED
579 532 574 ADDED
580 388 452 ADDED
581 198 226 ADDED
582 787 839 ADDED
583 567 598 ADDED
584 785 827 ADDED
585 724 731 DELETED
586 52 75 REMOVED
587 257 321 ADDED
588 910 1001 ADDED
589 161 239 ADDED
590 787 788 ADDED
591 318 343 ADDED
592 558 599 DELETED
593 340 381 ADDED
594 126 159 ADDED
595 417 480 ADDED
596 67 99 ADDED
597 512 599 ADDED
598 417 420 REMOVED
599 90 185 ADDED
600 460 494 ADDED
601 38 76 ADDED
602 891 974 ADDED
603 157 193 ADDED
604 956 1037 ADDED
605 118 169 REMOVED
606 13 65 ADDED
607 782 876 REMOVED
608 857 911 ADDED
609 637 675 ADDED
610 882 974 ADDED
611 795 857 ADDED
612 719 722 REMOVED
613 524 593 ADDED
614 677 705 ADDED
615 786 822 ADDED
616 780 857 ADDED
617 446 451 REMOVED
618 151 167 DELETED
619 315 333 DELETED
620 826 860 DELETED
621 169 229 ADDED
622 848 874 REMOVED
623 356 398 ADDED
624 554 631 ADDED
625 61 130 ADDED
626 909 1000 ADDED
627 330 375 ADDED
628 919 982 ADDED
629 824 836 ADDED
630 840 888 REMOVED
631 183 246 ADDED
632 406 505 ADDED
633 984 1020 ADDED
634 87 99 ADDED
635 684 689 ADDED
636 553 585 ADDED
637 78 125 ADDED
638 511 594 ADDED
639 206 241 DELETED
640 31 91 REMOVED
641 134 147 DELETED
642 862 959 ADDED
643 421 508 ADDED
644 274 347 ADDED
645 306 340 DELETED
646 104 146 DELETED
647 903 927 DELETED
648 594 662 ADDED
649 524 543 ADDED
650 602 625 ADDED
651 961 995 DELETED
652 305 355 ADDED
653 795 886 ADDED
654 520 537 REMOVED
655 465 511 ADDED
656 634 679 ADDED
657 689 722 ADDED
658 574 612 DELETED
659 117 123 DELETED
660 522 613 ADDED
661 372 415 ADDED
662 476 543 ADDED
663 153 192 ADDED
664 970 1038 ADDED
665 598 612 ADDED
666 486 500 REMOVED
667 456 552 ADDED
668 618 711 ADDED
669 971 977 ADDED
670 680 760 ADDED
671 268 315 DELETED
672 266 287 ADDED
673 520 524 ADDED
674 796 803 ADDED
675 373 417 ADDED
676 326 385 ADDED
677 408 464 ADDED
678 676 756 ADDED
679 213 231 ADDED
680 334 397 ADDED
681 311 367 ADDED
682 694 734 DELETED
683 656 753 ADDED
684 553 581 ADDED
685 630 716 ADDED
686 147 183 DELETED
687 198 290 ADDED
688 288 311 DELETED
689 725 806 ADDED
690 763 856 ADDED
691 359 361 DELETED
692 232 253 ADDED
693 413 486 ADDED
694 345 365 ADDED
695 11 107 ADDED
696 663 756 ADDED
697 763 777 ADDED
698 955 988 REMOVED
699 496 554 ADDED
700 667 759 ADDED
701 763 855 ADDED
702 235 236 ADDED
703 383 479 ADDED
704 128 218 ADDED
705 446 467 ADDED
706 546 616 ADDED
707 606 621 ADDED
708 526 599 ADDED
709 264 343 ADDED
710 352 429 ADDED
711 535 621 ADDED
712 4 65 ADDED
713 688 738 ADDED
714 689 706 ADDED
715 958 996 ADDED
716 755 845 ADDED
717 610 612 ADDED
718 508 521 ADDED
719 644 692 DELETED
720 941 1003 ADDED
721 919 964 ADDED
722 765 804 ADDED
723 321 400 ADDED
724 924 1023 ADDED
725 708 798 ADDED
726 81 132 ADDED
727 617 626 ADDED
728 492 535 ADDED
729 461 512 ADDED
730 658 718 REMOVED
731 610 618 ADDED
732 438 491 ADDED
733 899 911 DELETED
734 832 909 ADDED
735 740 768 ADDED
736 952 1034 ADDED
737 764 851 ADDED
738 257 297 ADDED
739 748 767 ADDED
740 605 607 ADDED
741 109 138 ADDED
742 651 660 ADDED
743 873 907 DELETED
744 258 345 ADDED
745 46 56 ADDED
746 878 958 ADDED
747 419 497 ADDED
748 268 363 ADDED
749 402 498 ADDED
750 69 84 ADDED
751 280 359 REMOVED
752 205 266 ADDED
753 628 719 REMOVED
754 706 716 ADDED
755 723 749 ADDED
756 691 696 DELETED
757 114 141 ADDED
758 906 923 DELETED
759 67 119 ADDED
760 65 112 DELETED
761 415 484 ADDED
762 530 561 ADDED
763 212 311 ADDED
764 895 974 ADDED
765 413 452 ADDED
766 421 459 ADDED
767 497 522 ADDED
768 611 697 ADDED
769 395 450 ADDED
770 301 358 REMOVED
771 129 190 ADDED
772 134 191 ADDED
773 395 415 DELETED
774 932 998 ADDED
775 849 871 DELETED
776 738 801 ADDED
777 869 889 ADDED
778 708 711 ADDED
779 547 606 ADDED
780 742 805 REMOVED
781 71 128 ADDED
782 906 949 ADDED
783 548 610 ADDED
784 548 563 ADDED
785 311 319 ADDED
786 498 528 ADDED
787 641 687 ADDED
788 173 263 ADDED
789 311 333 ADDED
790 699 744 ADDED
791 577 618 DELETED
792 818 896 ADDED
793 393 408 ADDED
794 187 210 DELETED
795 779 878 ADDED
796 672 735 ADDED
797 22 73 ADDED
798 61 74 ADDED
799 387 408 ADDED
800 937 954 ADDED
801 899 907 ADDED
802 660 702 ADDED
803 20 48 ADDED
804 107 143 REMOVED
805 12 95 ADDED
806 643 662 ADDED
807 317 353 ADDED
808 663 738 ADDED
809 816 843 ADDED
810 304 312 ADDED
811 703 772 ADDED
812 832 875 ADDED
813 170 228 REMOVED
814 77 175 ADDED
815 693 763 REMOVED
816 11 78 ADDED
817 740 807 ADDED
818 539 562 ADDED
819 900 907 DELETED
820 879 968 ADDED
821 931 968 ADDED
822 32 45 DELETED
823 57 104 DELETED
824 849 928 ADDED
825 401 411 DELETED
826 846 917 ADDED
827 322 349 ADDED
828 131 142 ADDED
829 256 289 REMOVED
830 468 524 ADDED
831 897 930 ADDED
832 689 750 REMOVED
833 569 635 ADDED
834 21 90 ADDED
835 605 665 ADDED
836 957 970 ADDED
837 302 306 DELETED
838 361 372 ADDED
839 989 1065 ADDED
840 100 187 ADDED
841 540 614 ADDED
842 187 199 ADDED
843 723 788 ADDED
844 774 856 ADDED
845 299 323 ADDED
846 232 298 ADDED
847 400 444 DELETED
848 182 227 ADDED
849 949 980 ADDED
850 964 1023 ADDED
851 511 519 ADDED
852 677 756 ADDED
853 203 295 ADDED
854 405 414 DELETED
855 12 54 ADDED
856 594 659 ADDED
857 830 928 ADDED
858 437 512 REMOVED
859 18 95 ADDED
860 876 903 DELETED
861 784 799 ADDED
862 975 990 DELETED
863 172 225 ADDED
864 457 512 ADDED
865 461 544 ADDED
866 816 893 REMOVED
867 386 443 ADDED
868 562 646 REMOVED
869 797 830 ADDED
870 743 754 ADDED
871 28 113 ADDED
872 249 339 ADDED
873 26 46 ADDED
874 843 882 ADDED
875 162 179 ADDED
876 892 938 ADDED
877 781 816 DELETED
878 346 445 REMOVED
879 667 728 ADDED
880 519 554 ADDED
881 150 218 ADDED
882 425 494 ADDED
883 317 344 DELETED
884 247 258 ADDED
885 909 945 ADDED
886 43 62 REMOVED
887 598 647 ADDED
888 830 859 ADDED
889 872 883 DELETED
890 27 52 ADDED
891 576 646 ADDED
892 430 488 ADDED
893 203 275 ADDED
894 939 968 DELETED
895 622 648 ADDED
896 279 305 ADDED
897 674 708 ADDED
898 591 592 ADDED
899 123 173 ADDED
900 292 312 ADDED
901 571 662 ADDED
902 139 175 ADDED
903 505 600 ADDED
904 666 723 ADDED
905 541 558 ADDED
906 264 299 DELETED
907 594 610 ADDED
908 636 646 ADDED
909 420 460 ADDED
910 807 838 ADDED
911 254 264 ADDED
912 488 558 ADDED
913 630 664 ADDED
914 32 91 ADDED
915 485 497 ADDED
916 569 577 ADDED
917 837 852 ADDED
918 763 846 ADDED
919 537 548 ADDED
920 679 680 ADDED
921 367 408 ADDED
922 201 290 ADDED
923 189 226 ADDED
924 80 148 REMOVED
925 291 336 ADDED
926 316 320 REMOVED
927 57 64 ADDED
928 894 960 ADDED
929 988 1054 ADDED
930 317 411 ADDED
931 65 96 ADDED
932 905 954 ADDED
933 949 1029 ADDED
934 426 458 ADDED
935 160 232 ADDED
936 113 209 ADDED
937 501 587 ADDED
938 657 708 ADDED
939 477 536 ADDED
940 774 817 DELETED
941 161 226 ADDED
942 123 206 ADDED
943 687 777 ADDED
944 257 319 ADDED
945 475 534 ADDED
946 664 684 ADDED
947 423 487 ADDED
948 803 877 ADDED
949 529 613 ADDED
950 623 629 ADDED
951 76 167 ADDED
952 201 219 DELETED
953 621 645 ADDED
954 795 803 ADDED
955 84 125 DELETED
956 91 104 DELETED
957 123 195 ADDED
958 543 589 ADDED
959 630 637 ADDED
960 711 789 ADDED
961 572 576 ADDED
962 993 1017 DELETED
963 725 803 REMOVED
964 689 699 ADDED
965 290 332 ADDED
966 657 675 ADDED
967 764 794 ADDED
968 64 159 ADDED
969 181 215 ADDED
970 463 482 ADDED
971 179 242 ADDED
972 235 267 DELETED
973 855 864 ADDED
974 598 686 REMOVED
975 352 435 ADDED
976 473 517 DELETED
977 612 675 ADDED
978 211 236 ADDED
979 807 850 ADDED
980 974 990 DELETED
981 31 69 ADDED
982 184 187 ADDED
983 979 1065 ADDED
984 813 826 ADDED
985 236 240 ADDED
986 842 891 ADDED
987 573 652 ADDED
988 279 280 ADDED
989 117 169 ADDED
990 464 533 ADDED
991 526 570 ADDED
992 140 141 ADDED
993 127 143 REMOVED
994 362 427 ADDED
995 228 274 ADDED
996 938 1027 ADDED
997 667 762 ADDED
998 224 276 ADDED
999 97 153 ADDED
1000 230 323 ADDED
