1 375 381 ADDED
2 626 669 ADDED
3 11 69 ADDED
4 750 783 ADDED
5 206 266 ADDED
6 970 1028 ADDED
7 66 141 ADDED
8 529 557 ADDED
9 436 514 ADDED
10 400 495 ADDED
11 861 944 ADDED
12 136 197 ADDED
13 129 191 ADDED
14 740 769 ADDED
15 568 641 ADDED
16 989 991 ADDED
17 859 932 ADDED
18 247 346 ADDED
19 510 577 ADDED
20 376 391 ADDED
21 358 453 ADDED
22 220 260 ADDED
23 710 713 ADDED
24 684 693 ADDED
25 190 227 ADDED
26 266 340 ADDED
27 496 561 ADDED
28 946 1021 ADDED
29 569 664 ADDED
30 670 704 ADDED
31 197 206 ADDED
32 67 88 ADDED
33 69 85 ADDED
34 713 747 ADDED
35 373 459 ADDED
36 350 379 ADDED
37 651 733 ADDED
38 225 286 ADDED
39 921 968 ADDED
40 169 248 ADDED
41 415 416 ADDED
42 728 745 ADDED
43 885 966 ADDED
44 314 381 ADDED
45 36 70 ADDED
46 614 703 ADDED
47 394 404 ADDED
48 242 271 ADDED
49 197 208 ADDED
50 467 527 ADDED
51 90 159 ADDED
52 69 111 ADDED
53 424 520 ADDED
54 197 238 ADDED
55 877 943 ADDED
56 999 1076 ADDED
57 305 387 ADDED
58 431 487 ADDED
59 443 459 ADDED
60 786 860 ADDED
61 942 966 ADDED
62 699 769 ADDED
63 641 644 ADDED
64 653 674 ADDED
65 404 469 ADDED
66 352 400 ADDED
67 64 105 ADDED
68 500 551 ADDED
69 859 915 ADDED
70 990 1075 ADDED
71 945 1030 ADDED
72 375 381 REMOVED
73 680 757 ADDED
74 474 558 ADDED
75 341 435 ADDED
76 635 719 ADDED
77 404 435 ADDED
78 65 118 ADDED
79 459 466 ADDED
80 868 966 ADDED
81 899 928 ADDED
82 84 91 ADDED
83 542 570 ADDED
84 436 503 ADDED
85 295 386 ADDED
86 289 345 ADDED
87 447 471 ADDED
88 274 310 ADDED
89 44 70 ADDED
90 505 569 ADDED
91 515 569 ADDED
92 275 282 ADDED
93 626 669 REMOVED
94 289 356 ADDED
95 362 387 ADDED
96 348 363 ADDED
97 223 308 ADDED
98 472 473 ADDED
99 659 693 ADDED
100 534 613 ADDED
101 365 420 ADDED
102 857 936 ADDED
103 575 634 ADDED
104 857 931 ADDED
105 294 357 ADDED
106 837 922 ADDED
107 840 875 ADDED
108 509 592 ADDED
109 254 353 ADDED
110 448 460 ADDED
111 369 436 ADDED
112 842 936 ADDED
113 182 260 ADDED
114 286 363 ADDED
115 843 891 ADDED
116 109 131 ADDED
117 214 312 ADDED
118 173 217 ADDED
119 443 450 ADDED
120 523 571 ADDED
121 196 256 ADDED
122 792 805 ADDED
123 410 444 ADDED
124 799 894 ADDED
125 296 310 ADDED
126 88 153 ADDED
127 508 572 ADDED
128 853 912 ADDED
129 961 1013 ADDED
130 600 611 ADDED
131 29 108 ADDED
132 895 958 ADDED
133 71 108 ADDED
134 601 661 ADDED
135 756 801 ADDED
136 33 122 ADDED
137 148 234 ADDED
138 563 654 ADDED
139 741 760 ADDED
140 338 400 ADDED
141 962 964 ADDED
142 890 968 ADDED
143 233 305 ADDED
144 3 22 ADDED
145 768 802 ADDED
146 862 880 ADDED
147 353 408 ADDED
148 962 967 ADDED
149 605 682 ADDED
150 169 206 ADDED
151 480 528 ADDED
152 310 404 ADDED
153 402 463 ADDED
154 894 931 ADDED
155 403 424 ADDED
156 302 309 ADDED
157 737 820 ADDED
158 800 897 ADDED
159 699 762 ADDED
160 735 744 ADDED
161 83 87 ADDED
162 440 537 ADDED
163 121 123 ADDED
164 285 384 ADDED
165 901 996 ADDED
166 570 655 ADDED
167 431 435 ADDED
168 259 299 ADDED
169 231 232 ADDED
170 45 92 ADDED
171 258 295 ADDED
172 65 96 ADDED
173 956 1002 ADDED
174 781 816 ADDED
175 568 575 ADDED
176 739 754 ADDED
177 499 524 ADDED
178 774 791 ADDED
179 362 433 ADDED
180 695 731 ADDED
181 263 320 ADDED
182 354 411 ADDED
183 378 430 ADDED
184 121 158 ADDED
185 413 446 ADDED
186 61 146 ADDED
187 585 655 ADDED
188 948 999 ADDED
189 927 948 ADDED
190 325 334 ADDED
191 11 69 REMOVED
192 505 553 ADDED
193 215 298 ADDED
194 350 366 ADDED
195 606 685 ADDED
196 568 592 ADDED
197 586 624 ADDED
198 382 467 ADDED
199 788 832 ADDED
200 93 119 ADDED
201 159 186 ADDED
202 384 470 ADDED
203 570 578 ADDED
204 744 829 ADDED
205 278 299 ADDED
206 446 531 ADDED
207 692 781 ADDED
208 433 517 ADDED
209 583 596 ADDED
210 762 849 ADDED
211 300 393 ADDED
212 609 660 ADDED
213 655 659 ADDED
214 889 970 ADDED
215 252 270 ADDED
216 383 401 ADDED
217 314 374 ADDED
218 92 162 ADDED
219 148 227 ADDED
220 458 463 ADDED
221 927 984 ADDED
222 651 742 ADDED
223 414 459 ADDED
224 548 625 ADDED
225 806 890 ADDED
226 395 404 ADDED
227 672 734 ADDED
228 2 9 ADDED
229 958 968 ADDED
230 447 492 ADDED
231 720 740 ADDED
232 965 980 ADDED
233 987 1078 ADDED
234 457 470 ADDED
235 558 574 ADDED
236 578 606 ADDED
237 434 467 ADDED
238 144 171 ADDED
239 232 265 ADDED
240 544 553 ADDED
241 730 826 ADDED
242 304 397 ADDED
243 426 458 ADDED
244 897 954 ADDED
245 225 256 ADDED
246 633 728 ADDED
247 549 590 ADDED
248 848 913 ADDED
249 647 690 ADDED
250 546 560 ADDED
251 556 632 ADDED
252 890 953 ADDED
253 953 1026 ADDED
254 683 749 ADDED
255 484 501 ADDED
256 690 698 ADDED
257 95 125 ADDED
258 403 424 ADDED
259 38 42 ADDED
260 226 294 ADDED
261 909 1006 ADDED
262 530 613 ADDED
263 399 468 ADDED
264 957 979 ADDED
265 472 563 ADDED
266 205 300 ADDED
267 89 110 ADDED
268 567 605 ADDED
269 282 368 ADDED
270 322 340 ADDED
271 773 830 ADDED
272 413 445 ADDED
273 66 165 ADDED
274 108 200 ADDED
275 808 839 ADDED
276 17 81 ADDED
277 810 895 ADDED
278 204 229 ADDED
279 320 363 ADDED
280 696 712 ADDED
281 243 334 ADDED
282 369 390 ADDED
283 321 389 ADDED
284 680 762 ADDED
285 8 22 ADDED
286 798 837 ADDED
287 943 947 ADDED
288 46 140 ADDED
289 56 130 ADDED
290 623 655 ADDED
291 572 588 ADDED
292 733 776 ADDED
293 829 923 ADDED
294 692 760 ADDED
295 762 822 ADDED
296 831 873 ADDED
297 760 848 ADDED
298 840 871 ADDED
299 692 763 ADDED
300 189 218 ADDED
301 90 124 ADDED
302 388 457 ADDED
303 433 483 ADDED
304 178 262 ADDED
305 86 91 ADDED
306 76 106 ADDED
307 53 64 ADDED
308 159 169 ADDED
309 573 603 ADDED
310 447 482 ADDED
311 376 416 ADDED
312 66 151 ADDED
313 634 706 ADDED
314 651 726 ADDED
315 767 832 ADDED
316 991 1019 ADDED
317 142 165 ADDED
318 908 972 ADDED
319 967 1048 ADDED
320 121 177 ADDED
321 877 888 ADDED
322 174 270 ADDED
323 917 923 ADDED
324 296 334 ADDED
325 87 150 ADDED
326 179 234 ADDED
327 744 745 ADDED
328 842 912 ADDED
329 482 497 ADDED
330 764 787 ADDED
331 892 932 ADDED
332 372 401 ADDED
333 414 428 ADDED
334 951 1002 ADDED
335 579 625 ADDED
336 729 819 ADDED
337 988 1034 ADDED
338 278 305 ADDED
339 125 221 ADDED
340 537 578 ADDED
341 549 555 ADDED
342 701 766 ADDED
343 78 143 ADDED
344 141 176 ADDED
345 227 280 ADDED
346 750 783 REMOVED
347 973 992 ADDED
348 496 533 ADDED
349 861 865 ADDED
350 51 137 ADDED
351 457 504 ADDED
352 174 237 ADDED
353 537 602 ADDED
354 973 990 ADDED
355 834 917 ADDED
356 465 540 ADDED
357 453 484 ADDED
358 947 997 ADDED
359 413 479 ADDED
360 340 351 ADDED
361 518 570 ADDED
362 614 634 ADDED
363 625 686 ADDED
364 313 325 ADDED
365 745 756 ADDED
366 267 349 ADDED
367 11 76 ADDED
368 279 308 ADDED
369 694 776 ADDED
370 686 691 ADDED
371 269 277 ADDED
372 377 453 ADDED
373 366 401 ADDED
374 862 951 ADDED
375 920 992 ADDED
376 113 158 ADDED
377 567 596 ADDED
378 178 190 ADDED
379 954 971 ADDED
380 100 116 ADDED
381 300 390 ADDED
382 766 768 ADDED
383 73 169 ADDED
384 200 227 ADDED
385 488 505 ADDED
386 290 318 ADDED
387 99 118 ADDED
388 478 482 ADDED
389 683 717 ADDED
390 322 381 ADDED
391 924 1018 ADDED
392 718 721 ADDED
393 434 497 ADDED
394 212 294 ADDED
395 745 801 ADDED
396 678 775 ADDED
397 614 704 ADDED
398 696 757 ADDED
399 590 597 ADDED
400 402 456 ADDED
401 95 163 ADDED
402 54 121 ADDED
403 865 901 ADDED
404 380 411 ADDED
405 89 182 ADDED
406 202 229 ADDED
407 97 145 ADDED
408 413 426 ADDED
409 62 110 ADDED
410 689 788 ADDED
411 810 857 ADDED
412 868 947 ADDED
413 614 616 ADDED
414 337 418 ADDED
415 322 386 ADDED
416 404 457 ADDED
417 524 608 ADDED
418 791 872 ADDED
419 278 358 ADDED
420 913 990 ADDED
421 95 172 ADDED
422 570 607 ADDED
423 859 914 ADDED
424 977 1027 ADDED
425 389 465 ADDED
426 209 300 ADDED
427 676 696 ADDED
428 879 914 ADDED
429 379 426 ADDED
430 719 764 ADDED
431 972 989 ADDED
432 768 811 ADDED
433 4 41 ADDED
434 709 748 ADDED
435 69 81 ADDED
436 774 827 ADDED
437 612 639 ADDED
438 296 328 ADDED
439 155 162 ADDED
440 629 702 ADDED
441 826 854 ADDED
442 61 97 ADDED
443 69 130 ADDED
444 281 306 ADDED
445 536 543 ADDED
446 959 1043 ADDED
447 663 698 ADDED
448 905 939 ADDED
449 572 597 ADDED
450 91 110 ADDED
451 354 429 ADDED
452 838 867 ADDED
453 482 495 ADDED
454 641 668 ADDED
455 754 805 ADDED
456 977 1036 ADDED
457 948 1047 ADDED
458 118 131 ADDED
459 662 694 ADDED
460 835 911 ADDED
461 151 157 ADDED
462 217 290 ADDED
463 505 561 ADDED
464 435 516 ADDED
465 804 857 ADDED
466 561 623 ADDED
467 384 434 ADDED
468 918 982 ADDED
469 350 365 ADDED
470 699 713 ADDED
471 97 166 ADDED
472 938 963 ADDED
473 500 545 ADDED
474 760 774 ADDED
475 911 990 ADDED
476 328 373 ADDED
477 415 482 ADDED
478 985 1035 ADDED
479 139 201 ADDED
480 317 373 ADDED
481 148 190 ADDED
482 849 874 ADDED
483 9 65 ADDED
484 897 923 ADDED
485 96 130 ADDED
486 580 664 ADDED
487 426 462 ADDED
488 192 257 ADDED
489 917 997 ADDED
490 353 445 ADDED
491 619 717 ADDED
492 440 480 ADDED
493 269 309 ADDED
494 615 705 ADDED
495 138 156 ADDED
496 884 960 ADDED
497 499 554 ADDED
498 931 1026 ADDED
499 495 552 ADDED
500 171 196 ADDED
501 360 455 ADDED
502 2 81 ADDED
503 667 727 ADDED
504 179 253 ADDED
505 183 250 ADDED
506 200 243 ADDED
507 762 811 ADDED
508 95 189 ADDED
509 757 853 ADDED
510 552 554 ADDED
511 874 912 ADDED
512 206 266 REMOVED
513 111 150 ADDED
514 888 984 ADDED
515 542 638 ADDED
516 9 106 ADDED
517 869 949 ADDED
518 478 541 ADDED
519 734 796 ADDED
520 548 601 ADDED
521 313 345 ADDED
522 82 126 ADDED
523 540 633 ADDED
524 763 791 ADDED
525 256 320 ADDED
526 711 765 ADDED
527 721 747 ADDED
528 937 1003 ADDED
529 480 518 ADDED
530 958 1000 ADDED
531 589 660 ADDED
532 374 436 ADDED
533 251 334 ADDED
534 760 834 ADDED
535 250 346 ADDED
536 710 803 ADDED
537 809 835 ADDED
538 993 1037 ADDED
539 381 403 ADDED
540 785 801 ADDED
541 251 314 ADDED
542 294 324 ADDED
543 753 779 ADDED
544 440 443 ADDED
545 244 325 ADDED
546 425 426 ADDED
547 172 202 ADDED
548 880 970 ADDED
549 2 66 ADDED
550 122 168 ADDED
551 397 489 ADDED
552 834 892 ADDED
553 391 452 ADDED
554 403 469 ADDED
555 963 970 ADDED
556 348 377 ADDED
557 941 1000 ADDED
558 582 623 ADDED
559 459 515 ADDED
560 387 403 ADDED
561 520 551 ADDED
562 823 884 ADDED
563 959 1031 ADDED
564 121 139 ADDED
565 370 416 ADDED
566 560 614 ADDED
567 78 129 ADDED
568 595 652 ADDED
569 239 315 ADDED
570 753 811 ADDED
571 180 266 ADDED
572 81 120 ADDED
573 179 185 ADDED
574 293 299 ADDED
575 141 148 ADDED
576 683 748 ADDED
577 744 801 ADDED
578 379 397 ADDED
579 459 496 ADDED
580 578 596 ADDED
581 870 965 ADDED
582 38 114 ADDED
583 793 868 ADDED
584 216 277 ADDED
585 181 231 ADDED
586 232 331 ADDED
587 842 851 ADDED
588 733 766 ADDED
589 412 433 ADDED
590 752 794 ADDED
591 599 667 ADDED
592 823 851 ADDED
593 33 123 ADDED
594 617 678 ADDED
595 684 749 ADDED
596 404 429 ADDED
597 99 124 ADDED
598 818 838 ADDED
599 353 428 ADDED
600 285 377 ADDED
601 64 150 ADDED
602 654 693 ADDED
603 947 998 ADDED
604 810 819 ADDED
605 205 213 ADDED
606 405 444 ADDED
607 684 705 ADDED
608 894 927 ADDED
609 215 227 ADDED
610 254 313 ADDED
611 710 712 ADDED
612 468 489 ADDED
613 982 1039 ADDED
614 463 527 ADDED
615 891 948 ADDED
616 844 919 ADDED
617 88 112 ADDED
618 443 524 ADDED
619 263 298 ADDED
620 998 1010 ADDED
621 643 699 ADDED
622 800 861 ADDED
623 601 619 ADDED
624 545 585 ADDED
625 296 370 ADDED
626 489 517 ADDED
627 94 103 ADDED
628 81 170 ADDED
629 926 951 ADDED
630 585 672 ADDED
631 186 197 ADDED
632 802 834 ADDED
633 680 729 ADDED
634 302 393 ADDED
635 565 625 ADDED
636 792 817 ADDED
637 791 802 ADDED
638 751 840 ADDED
639 395 474 ADDED
640 92 118 ADDED
641 31 87 ADDED
642 15 41 ADDED
643 158 175 ADDED
644 517 530 ADDED
645 900 964 ADDED
646 16 101 ADDED
647 722 757 ADDED
648 495 579 ADDED
649 943 959 ADDED
650 247 327 ADDED
651 959 1057 ADDED
652 85 179 ADDED
653 74 169 ADDED
654 814 905 ADDED
655 703 741 ADDED
656 980 1049 ADDED
657 667 751 ADDED
658 631 708 ADDED
659 437 484 ADDED
660 824 918 ADDED
661 86 151 ADDED
662 869 950 ADDED
663 421 515 ADDED
664 626 651 ADDED
665 167 236 ADDED
666 193 216 ADDED
667 194 219 ADDED
668 690 721 ADDED
669 937 1012 ADDED
670 204 298 ADDED
671 732 778 ADDED
672 986 1007 ADDED
673 294 339 ADDED
674 471 515 ADDED
675 322 398 ADDED
676 809 826 ADDED
677 965 984 ADDED
678 429 476 ADDED
679 66 149 ADDED
680 785 791 ADDED
681 727 822 ADDED
682 508 597 ADDED
683 210 252 ADDED
684 503 593 ADDED
685 528 596 ADDED
686 276 289 ADDED
687 315 342 ADDED
688 484 543 ADDED
689 721 734 ADDED
690 98 133 ADDED
691 117 123 ADDED
692 216 279 ADDED
693 593 600 ADDED
694 472 559 ADDED
695 9 11 ADDED
696 511 519 ADDED
697 432 495 ADDED
698 521 596 ADDED
699 91 144 ADDED
700 492 562 ADDED
701 800 832 ADDED
702 573 671 ADDED
703 782 794 ADDED
704 787 857 ADDED
705 118 146 ADDED
706 306 332 ADDED
707 782 832 ADDED
708 436 449 ADDED
709 31 116 ADDED
710 823 899 ADDED
711 89 112 ADDED
712 282 357 ADDED
713 750 772 ADDED
714 683 763 ADDED
715 655 687 ADDED
716 200 283 ADDED
717 2 38 ADDED
718 930 980 ADDED
719 915 946 ADDED
720 854 872 ADDED
721 79 131 ADDED
722 207 298 ADDED
723 253 284 ADDED
724 768 857 ADDED
725 426 502 ADDED
726 540 561 ADDED
727 750 825 ADDED
728 136 227 ADDED
729 456 463 ADDED
730 177 189 ADDED
731 767 771 ADDED
732 12 74 ADDED
733 128 178 ADDED
734 253 320 ADDED
735 185 215 ADDED
736 455 550 ADDED
737 822 856 ADDED
738 151 182 ADDED
739 324 368 ADDED
740 574 660 ADDED
741 915 942 ADDED
742 588 608 ADDED
743 874 913 ADDED
744 437 459 ADDED
745 802 808 ADDED
746 352 413 ADDED
747 837 869 ADDED
748 506 544 ADDED
749 451 522 ADDED
750 907 959 ADDED
751 359 398 ADDED
752 132 175 ADDED
753 823 883 ADDED
754 296 391 ADDED
755 843 924 ADDED
756 978 1047 ADDED
757 554 588 ADDED
758 276 348 ADDED
759 612 659 ADDED
760 206 251 ADDED
761 594 605 ADDED
762 559 604 ADDED
763 358 416 ADDED
764 738 826 ADDED
765 82 91 ADDED
766 291 306 ADDED
767 753 822 ADDED
768 909 1008 ADDED
769 396 440 ADDED
770 677 731 ADDED
771 877 942 ADDED
772 575 594 ADDED
773 89 123 ADDED
774 830 834 ADDED
775 175 215 ADDED
776 363 380 ADDED
777 55 147 ADDED
778 477 524 ADDED
779 841 880 ADDED
780 738 772 ADDED
781 767 839 ADDED
782 958 1045 ADDED
783 621 685 ADDED
784 532 589 ADDED
785 390 401 ADDED
786 317 375 ADDED
787 996 1023 ADDED
788 350 411 ADDED
789 907 999 ADDED
790 522 611 ADDED
791 726 800 ADDED
792 37 121 ADDED
793 253 319 ADDED
794 259 327 ADDED
795 80 121 ADDED
796 94 178 ADDED
797 537 563 ADDED
798 804 871 ADDED
799 833 918 ADDED
800 680 758 ADDED
801 473 492 ADDED
802 550 600 ADDED
803 983 1041 ADDED
804 639 697 ADDED
805 307 332 ADDED
806 928 930 ADDED
807 805 887 ADDED
808 361 365 ADDED
809 793 886 ADDED
810 718 752 ADDED
811 608 645 ADDED
812 222 311 ADDED
813 639 676 ADDED
814 991 1035 ADDED
815 397 443 ADDED
816 156 175 ADDED
817 564 637 ADDED
818 683 770 ADDED
819 873 969 ADDED
820 292 376 ADDED
821 971 1032 ADDED
822 939 1026 ADDED
823 81 103 ADDED
824 375 443 ADDED
825 112 159 ADDED
826 307 350 ADDED
827 474 555 ADDED
828 330 345 ADDED
829 226 229 ADDED
830 654 696 ADDED
831 255 295 ADDED
832 557 607 ADDED
833 309 366 ADDED
834 693 752 ADDED
835 778 792 ADDED
836 132 166 ADDED
837 260 339 ADDED
838 753 840 ADDED
839 187 271 ADDED
840 579 663 ADDED
841 523 606 ADDED
842 5 51 ADDED
843 695 762 ADDED
844 586 638 ADDED
845 946 970 ADDED
846 740 769 ADDED
847 408 477 ADDED
848 360 368 ADDED
849 251 302 ADDED
850 380 406 ADDED
851 458 469 ADDED
852 486 533 ADDED
853 399 437 ADDED
854 402 481 ADDED
855 996 1070 ADDED
856 369 399 ADDED
857 282 358 ADDED
858 874 955 ADDED
859 481 516 ADDED
860 683 759 ADDED
861 138 173 ADDED
862 139 230 ADDED
863 489 588 ADDED
864 641 675 ADDED
865 621 671 ADDED
866 63 102 ADDED
867 938 983 ADDED
868 220 262 ADDED
869 17 82 ADDED
870 849 878 ADDED
871 342 415 ADDED
872 177 251 ADDED
873 558 642 ADDED
874 29 57 ADDED
875 153 161 ADDED
876 39 122 ADDED
877 688 777 ADDED
878 40 93 ADDED
879 649 709 ADDED
880 986 1080 ADDED
881 434 461 ADDED
882 328 347 ADDED
883 484 519 ADDED
884 264 311 ADDED
885 899 922 ADDED
886 77 150 ADDED
887 545 564 ADDED
888 120 126 ADDED
889 934 966 ADDED
890 873 943 ADDED
891 628 636 ADDED
892 728 774 ADDED
893 615 711 ADDED
894 207 214 ADDED
895 150 203 ADDED
896 22 86 ADDED
897 598 654 ADDED
898 488 546 ADDED
899 939 1026 ADDED
900 595 616 ADDED
901 379 451 ADDED
902 123 187 ADDED
903 494 560 ADDED
904 487 492 ADDED
905 840 936 ADDED
906 249 264 ADDED
907 401 448 ADDED
908 862 950 ADDED
909 220 288 ADDED
910 320 405 ADDED
911 490 491 ADDED
912 71 87 ADDED
913 619 686 ADDED
914 705 756 ADDED
915 247 317 ADDED
916 337 420 ADDED
917 445 528 ADDED
918 465 472 ADDED
919 564 585 ADDED
920 686 693 ADDED
921 531 553 ADDED
922 761 772 ADDED
923 535 552 ADDED
924 207 231 ADDED
925 676 743 ADDED
926 916 928 ADDED
927 571 660 ADDED
928 752 774 ADDED
929 661 743 ADDED
930 678 733 ADDED
931 336 340 ADDED
932 20 105 ADDED
933 316 324 ADDED
934 396 480 ADDED
935 319 379 ADDED
936 127 206 ADDED
937 819 842 ADDED
938 897 960 ADDED
939 729 803 ADDED
940 11 14 ADDED
941 342 412 ADDED
942 926 1025 ADDED
943 546 588 ADDED
944 760 785 ADDED
945 776 861 ADDED
946 341 421 ADDED
947 761 797 ADDED
948 54 150 ADDED
949 135 193 ADDED
950 830 884 ADDED
951 779 792 ADDED
952 867 879 ADDED
953 340 407 ADDED
954 91 101 ADDED
955 703 788 ADDED
956 498 575 ADDED
957 665 731 ADDED
958 389 397 ADDED
959 463 492 ADDED
960 132 204 ADDED
961 607 623 ADDED
962 851 861 ADDED
963 470 473 ADDED
964 862 946 ADDED
965 995 1071 ADDED
966 831 899 ADDED
967 538 590 ADDED
968 603 608 ADDED
969 777 840 ADDED
970 547 625 ADDED
971 673 722 ADDED
972 661 694 ADDED
973 490 549 ADDED
974 478 558 ADDED
975 545 639 ADDED
976 31 43 ADDED
977 339 370 ADDED
978 925 991 ADDED
979 843 931 ADDED
980 192 220 ADDED
981 966 998 ADDED
982 81 104 ADDED
983 165 217 ADDED
984 813 904 ADDED
985 447 470 ADDED
986 829 863 ADDED
987 243 252 ADDED
988 203 275 ADDED
989 554 604 ADDED
990 174 208 ADDED
991 44 65 ADDED
992 214 264 ADDED
993 436 519 ADDED
994 320 354 ADDED
995 119 197 ADDED
996 167 169 ADDED
997 272 298 ADDED
998 912 979 ADDED
999 322 328 ADDED
1000 458 502 ADDED
